SZ Black Sea  (973,754)  (1038,758)  (952,699)  (913,780)  (1093,783)
W. Siberia  (1838,248)  (1877,323)  (1975,236)  (1744,276)  (1742,341)  (1653,237)  (1649,332)  (1977,324)  (2069,231)
Siam  (2407,1222)  (2351,1245)  (2385,1168)  (2354,1328)  (2412,1276)  (2405,1390)  (2463,1259)
SZ Hoshida  (2696,1252)  (2701,1180)  (2630,1214)  (2636,1289)  (2713,1305)  (2584,1300)  (2825,1129)  (2888,1107)  (2854,1191)  (2902,1171)  (2879,1262)
Aksum  (1000,1595)  (964,1543)  (1031,1644)  (941,1596)  (1082,1606)
Sudan  (825,1529)  (781,1476)  (852,1588)  (763,1540)  (852,1471)  (716,1485)  (907,1470)  (889,1527)
SZ Greenland  (5355,199)  (5302,136)  (5352,259)  (5363,136)  (5421,76)  (5418,256)  (5427,198)  (5427,139)  (5280,255)  (5164,264)  (5286,199)  (5111,191)  (5040,186)  (5073,128)  (5005,116)  (4928,85)  (5038,59)  (4971,15)  (4881,23)  (4819,34)  (4848,100)  (4767,130)  (4847,173)  (4737,198)  (4799,232)  (4864,278)
SZ Solomons  (3601,1634)  (3368,1640)  (3633,1805)  (3660,1487)  (3541,1522)  (3495,1670)  (3617,1714)  (3719,1602)  (3561,1428)  (3684,1410)  (3644,1556)  (3702,1695)  (3528,1785)  (3444,1612)  (3534,1601)  (3552,1725)  (3578,1857)  (3297,1669)  (3702,1782)  (3726,1493)  (3713,1851)
SZ Brasarike Coast  (5285,1354)  (5335,1271)  (5233,1243)  (5218,1324)  (5158,1235)  (5223,1414)  (5340,1469)  (5395,1381)  (5410,1230)  (5427,1499)  (5144,1350)  (5313,1199)  (5339,1338)  (5418,1304)  (5314,1411)  (5274,1473)  (5413,1440)
Yuyuan  (2272,782)  (2322,721)  (2235,712)  (2275,853)  (2161,717)  (2199,789)  (2340,910)  (2341,825)  (2378,705)
SZ Baltic  (667,326)  (651,271)  (630,376)  (693,220)  (708,271)
SZ North Sea  (361,384)  (271,331)  (349,438)  (301,385)  (329,324)  (341,491)
Kunlun Shan  (1962,826)  (1888,791)  (2065,810)  (1885,857)  (1792,789)  (2069,879)  (2160,890)
Mongolia  (2130,527)  (2051,441)  (2046,512)  (2197,596)  (2285,564)  (2312,482)  (2207,524)  (1982,469)  (1902,491)  (2300,619)  (2383,456)
Outer Rebels  (1937,68)  (1998,69)
Panama  (4732,1266)  (4749,1320)  (4728,1202)  (4799,1341)  (4779,1199)
Solomons  (3345,1789)  (3403,1816)
Kamchatka  (3358,519)  (3383,461)  (3448,447)  (3448,388)  (3507,348)
North Bloc  (2705,641)  (2650,582)  (2635,660)  (2764,614)  (2577,693)  (2834,613)
SZ S. Atlantic  (71,2001)  (147,1944)  (140,2058)  (55,1921)  (55,2073)  (135,1875)  (145,2139)  (64,2148)  (17,1859)  (160,2002)
Chile  (4943,1831)  (4931,1768)  (4927,1890)  (4983,1762)  (4894,1960)
SZ S. Australian Coast  (2705,2151)  (2771,2101)  (2618,2133)  (2781,2158)  (2529,2090)  (2551,2158)  (2448,2079)  (2842,2102)  (2471,2146)  (2851,2158)  (2367,2084)  (2388,2141)  (2910,2123)  (2973,2158)
SZ Persian Gulf  (1366,1190)  (1304,1116)  (1353,1139)
SZ Chinese Coast  (2694,1048)  (2639,1035)  (2723,974)  (2636,1098)  (2756,1043)  (2576,1137)  (2790,970)  (2548,1190)  (2823,1036)
Dixie  (4755,735)  (4703,791)  (4691,733)  (4814,783)  (4818,726)  (4756,789)  (4639,776)  (4876,728)
Rapa Nui  (4338,1791)
Jandor  (1771,980)  (1788,1037)  (1754,926)  (1718,1019)  (1807,927)
Borneo  (2738,1526)  (2682,1548)  (2755,1474)  (2795,1570)
Gallia  (372,644)  (362,589)  (312,614)  (351,700)
SZ W. Indian Coast  (1744,1513)  (1766,1444)  (1729,1363)  (1694,1433)  (1652,1349)  (1650,1492)  (1680,1579)  (1744,1632)  (1822,1525)  (1776,1574)  (1831,1641)  (1864,1582)
SZ Vinland Coast  (5317,455)  (5372,397)  (5336,519)  (5271,518)  (5393,584)  (5292,395)  (5392,469)  (5420,528)  (5314,578)  (5238,580)  (5256,458)  (5231,378)  (5290,331)  (5373,334)  (5175,585)  (5117,489)  (5437,338)  (5445,417)
Ukraine  (941,626)  (880,661)  (1002,633)  (873,715)  (1023,685)
Urals  (1344,209)  (1307,295)  (1437,323)  (1231,226)  (1161,254)  (1297,114)  (1432,130)  (1436,246)  (1504,202)
SZ Caribbean  (4942,1172)  (4990,1100)  (4899,1049)  (4913,1110)  (4873,1222)  (4830,1103)  (5006,1200)  (4940,1251)  (5018,1293)  (4833,1287)  (4838,1041)  (5064,1095)
California  (4318,687)  (4288,628)  (4336,747)  (4347,628)  (4366,803)
Majidiing  (928,907)  (944,851)  (873,905)  (904,958)  (969,964)  (997,831)
Estres  (489,728)  (588,817)  (539,779)  (451,674)  (554,896)
Arcadia  (1207,987)  (1222,1040)  (1154,1019)  (1249,1092)  (1227,933)  (1282,1039)
Inner Rebels  (2062,69)  (2124,68)
Tatarea  (1170,547)  (1109,596)  (1231,495)  (1151,661)  (1097,686)  (1141,488)  (1186,722)  (1303,478)
SZ Chagos  (2105,1843)  (2170,1775)  (2062,1749)  (2033,1850)  (2101,1918)  (2183,1859)  (2184,1930)  (1982,1769)  (1970,1909)  (1863,1737)  (1876,1922)  (1960,1844)  (1772,1766)  (1780,1837)  (1776,1907)  (2228,1732)  (2247,1822)  (2257,1902)
Namibia  (593,1924)  (530,1895)  (648,1956)  (532,1961)  (475,1887)  (665,1903)  (719,1938)
SZ N. Pacific  (3717,662)  (3653,703)  (3745,600)  (3762,733)  (3579,734)  (3777,531)  (3695,769)  (3514,681)  (3778,672)  (3516,756)  (3819,598)  (3452,676)  (3831,481)  (3451,749)  (3652,635)  (3375,754)  (3383,686)  (3636,765)  (3815,762)
Sumatra  (2388,1454)  (2430,1504)  (2334,1408)  (2483,1538)  (2535,1550)
E. Siberia  (3039,204)  (3157,194)  (2976,302)  (2881,230)  (2819,297)  (3264,244)  (2724,243)  (3310,170)
Spanish Ghana  (270,1457)  (325,1432)  (213,1448)  (156,1422)  (327,1484)
Albion  (250,450)  (276,503)  (222,507)  (232,397)  (180,376)  (127,414)  (106,472)  (194,320)
Aergedina  (5081,1861)  (5144,1833)  (5014,1911)  (5050,1800)  (4946,1959)  (4915,2041)  (5023,1867)  (5092,1911)
SZ Rapa Nui  (4466,1645)  (4338,1577)  (4394,1470)  (4465,1552)  (4340,1638)  (4331,1472)  (4402,1579)  (4482,1476)  (4404,1673)  (4527,1559)  (4537,1641)  (4475,1725)
Peru  (4836,1592)  (4862,1522)  (4834,1471)  (4864,1654)  (4806,1535)  (4916,1684)  (4887,1471)
Germany  (471,527)  (427,476)  (449,580)  (525,516)  (500,600)  (414,529)  (485,466)  (557,463)
Agrot Republic  (684,2035)  (738,2004)  (623,2054)  (570,2022)  (549,2073)  (805,2003)
SZ S. Pacific  (3968,1613)  (4036,1531)  (3899,1535)  (3918,1678)  (4042,1610)  (3904,1617)  (3974,1674)  (4049,1685)  (3975,1542)  (3947,1744)  (3834,1581)  (3840,1666)  (4108,1574)  (3935,1463)  (4112,1651)  (4058,1757)
SZ Madagascar Coast  (1377,1836)  (1461,1761)  (1364,1732)  (1289,1791)  (1299,1864)  (1458,1839)  (1409,1907)  (1338,1939)  (1525,1760)  (1529,1823)  (1499,1906)  (1586,1722)  (1268,1722)  (1222,1785)  (1225,1853)  (1263,1935)  (1185,1927)  (1182,1725)  (1666,1745)  (1620,1808)  (1586,1872)  (1562,1941)  (1653,1908)
SZ Iceland  (10,255)  (18,194)  (10,138)  (131,252)  (68,258)  (86,197)  (149,195)  (206,201)  (257,152)
SZ Alaskan Coast  (4120,435)  (4140,375)  (4107,500)  (4174,443)  (4170,500)  (4081,377)  (4096,318)  (4164,553)  (4076,261)  (4219,548)
Hedjaz  (1049,1422)  (1027,1356)  (1072,1491)  (1101,1410)  (1124,1462)  (1131,1514)  (1181,1493)
SZ Panama Coast  (4582,1243)  (4616,1176)  (4544,1166)  (4619,1312)  (4511,1240)  (4619,1110)  (4486,1164)  (4493,1314)  (4564,1317)  (4640,1247)  (4672,1186)  (4682,1345)
Madagascar  (1080,1901)  (1109,1843)  (1068,1958)
Aramaya  (1074,1003)  (1036,945)  (1088,1057)  (1122,952)  (1137,1094)
C. Siberia  (2338,243)  (2409,314)  (2479,246)  (2415,207)  (2320,344)  (2228,382)  (2247,297)  (2267,209)  (2175,246)  (2507,340)
Chinese Underground  (1937,6)  (1993,7)  (2053,8)  (2115,7)
Volunteers 2  (1877,7)
SZ Hawaii  (3929,976)  (3781,1163)  (3866,919)  (3877,1213)  (3756,917)  (3780,1265)  (3974,879)  (3720,1108)  (4024,974)  (3922,1288)  (3950,1064)  (4074,879)
Volunteers 1  (1815,69)  (1873,70)
Ulug Aal  (620,639)  (645,689)  (569,578)  (563,636)  (676,633)  (624,586)  (587,693)  (705,686)
Volunteers 5  (1692,7)
SZ South African Coast  (868,2120)  (905,2057)  (935,2119)  (967,2036)  (976,1956)  (1015,2115)  (763,2145)  (680,2153)  (609,2147)  (812,2094)
Tibet S.R.  (1986,977)  (1928,941)  (2040,1017)  (1981,1032)  (1921,1008)  (1995,921)  (2055,964)  (1873,958)  (2112,969)
SZ Siamese Coast  (2527,1424)  (2489,1370)  (2525,1311)  (2570,1367)  (2507,1484)  (2473,1427)  (2581,1435)  (2571,1496)  (2526,1254)
Volunteers 4  (1753,5)
Volunteers 3  (1814,6)
SZ Carolines  (3297,1449)  (3248,1387)  (3354,1503)  (3216,1510)  (3355,1378)  (3285,1514)  (3182,1375)  (3233,1445)  (3371,1441)  (3413,1509)
Poland  (673,486)  (619,510)  (673,543)  (725,472)  (673,429)  (751,422)
SZ Meijou Coast  (5024,819)  (4959,854)  (4947,789)  (5029,762)  (5061,699)  (5038,879)  (5057,943)  (4983,921)  (4982,709)  (5094,772)  (5090,1009)  (4904,873)  (5094,838)  (5109,902)
SZ Okhotsk Sea  (3198,824)  (3133,862)  (3005,952)  (2917,997)  (3282,786)  (3199,743)  (3201,662)  (3270,722)  (3276,643)
Meijou  (4850,659)  (4828,605)  (4791,554)  (4794,670)  (4901,628)  (4778,616)  (4951,631)
SZ Caspian Sea  (1282,752)  (1308,812)  (1263,687)  (1314,885)  (1242,622)  (1279,563)
SZ N. Atlantic  (5300,880)  (5252,818)  (5237,884)  (5332,817)  (5365,889)  (5330,957)  (5268,952)  (5199,952)  (5400,821)  (5403,958)  (5285,753)  (5257,681)  (5365,750)  (5329,684)  (5413,685)  (5438,743)  (5436,883)  (5206,740)  (5179,683)  (5179,806)  (5180,885)  (5194,1027)  (5304,1032)  (5391,1030)  (5248,1050)  (5193,1111)  (5287,1117)  (5360,1102)  (5432,1108)  (5447,1027)
SZ Aergedina Coast  (5234,2056)  (5294,1980)  (5331,1897)  (5156,2095)  (5196,1962)  (5107,2023)  (5055,2109)  (5265,2134)  (5361,2041)  (5419,1920)  (4982,2148)  (4868,2149)  (5032,2029)  (5137,2154)  (5249,1887)  (5423,1838)  (5424,2006)  (5384,2123)
SZ W. Mediterranean  (426,859)  (436,793)  (372,825)  (486,847)  (363,898)  (330,954)  (537,850)  (435,921)
Sri Lanka  (2019,1581)
Yorubadon  (763,782)  (712,750)  (815,754)  (722,863)  (708,806)  (771,700)  (656,761)  (738,913)  (831,806)
SZ C. Mediterranean  (627,1017)  (666,952)  (599,1083)  (589,962)  (640,895)  (666,1119)  (693,1039)
Hawaii  (3891,1117)  (3793,1038)  (3852,1059)
Korean Congo  (638,1621)  (640,1561)  (582,1657)  (522,1652)  (704,1605)
Karafuto  (3116,577)  (3097,645)  (3098,512)  (3172,577)  (3124,448)
Eredat  (1694,1139)  (1637,1179)  (1745,1104)  (1689,1209)  (1692,1080)  (1639,1125)  (1744,1157)
Spain  (257,823)  (284,766)  (227,765)  (206,830)  (247,884)  (304,883)  (311,825)
Palestine  (1022,1195)  (974,1250)  (1048,1130)  (917,1263)  (1107,1163)
SZ Papua  (3158,1614)  (3094,1591)  (3074,1761)  (3010,1755)  (2954,1697)  (3022,1585)  (3198,1684)  (3211,1598)  (3135,1771)  (3204,1766)
Dravidia S.R.  (1906,1415)  (1936,1357)  (1862,1365)  (1905,1474)  (1958,1435)  (1852,1426)  (1986,1350)
Cuba  (4930,956)  (4876,936)  (4980,986)
Majid W. Africa  (462,1421)  (401,1380)  (529,1430)  (415,1473)  (343,1364)  (602,1443)  (478,1483)
SZ Peruvian Coast  (4709,1735)  (4727,1649)  (4661,1570)  (4756,1824)  (4789,1739)  (4724,1531)  (4652,1465)  (4667,1819)  (4649,1681)  (4717,1906)  (4830,1803)  (4743,1441)  (4836,1875)  (4781,1962)  (4777,1897)  (4806,2026)
Songhai  (196,1336)  (270,1299)  (123,1258)  (113,1311)  (134,1362)  (219,1388)  (268,1355)
SZ Bay of Biscay  (143,617)  (109,558)  (199,609)  (87,628)  (201,663)  (254,570)  (159,528)  (143,669)  (256,665)
SZ E. Mediterranean  (862,1088)  (829,1027)  (791,1093)  (851,1151)  (801,962)  (922,1046)  (788,1159)  (937,1106)  (985,1044)  (920,1173)
W. Canaan  (312,1044)  (251,1056)  (371,1023)  (197,1109)  (429,1003)
Nyujirando  (3524,2081)  (3569,2029)  (3472,2125)
Gungzi  (2565,931)  (2607,878)  (2547,875)  (2507,929)  (2529,986)  (2588,988)  (2629,935)
Canton  (2441,1049)  (2509,1063)  (2441,988)  (2369,993)  (2386,1070)  (2456,1110)
Australia  (2698,2011)  (2752,1985)  (2625,1965)  (2636,2042)  (2690,1954)  (2759,2037)  (2817,2023)
Sahara  (438,1268)  (403,1172)  (355,1235)  (564,1332)  (251,1203)  (324,1153)  (415,1109)  (499,1321)  (689,1310)  (633,1334)  (701,1385)
Qitajistan  (1533,552)  (1469,633)  (1596,649)  (1660,575)  (1614,486)  (1510,471)  (1434,543)  (1378,632)  (1750,536)
Rocky Mountains  (4394,535)  (4364,480)  (4370,420)  (4424,604)  (4365,360)  (4414,667)
Avalon  (5272,1744)
SZ Avalon Coast  (5413,1690)  (5355,1759)  (5410,1625)  (5354,1687)  (5433,1756)
Grand Armee  (1690,70)  (1750,69)
Tulra  (1926,646)  (1934,577)  (2008,617)  (1858,675)  (1782,670)  (1854,613)  (1959,710)  (2031,674)
SZ Namibian Coast  (351,2043)  (312,1975)  (390,1978)  (279,2055)  (327,2133)  (417,2054)  (405,2135)  (475,2144)  (286,1897)  (370,1889)
Iceland  (160,118)  (101,124)  (182,49)  (123,61)  (214,101)  (63,71)
Armenia  (1153,857)  (1170,802)  (1089,868)  (1175,912)  (1223,850)
Arcadistan  (1585,1041)  (1528,990)  (1622,988)  (1586,1095)  (1532,1068)  (1638,1044)  (1682,967)
Nordland  (496,202)  (400,286)  (556,164)  (581,104)  (643,112)  (671,62)  (740,64)  (811,59)
Arabia  (1190,1300)  (1130,1264)  (1201,1374)  (1256,1317)  (1196,1236)  (1209,1169)  (1057,1265)  (1133,1329)  (1233,1435)  (1275,1377)  (1334,1393)
Yucatan  (4717,1076)  (4683,1020)  (4753,1017)  (4730,1132)  (4784,967)  (4781,1147)
Guam  (3056,1079)
Turkestan  (1531,840)  (1463,782)  (1466,856)  (1597,795)  (1658,869)  (1588,909)  (1403,811)  (1667,793)
E. Canaan  (551,1174)  (633,1232)  (557,1235)  (512,1106)  (685,1197)  (490,1025)
Midway  (3956,619)
SZ Berents Sea  (984,42)  (919,11)  (1041,12)  (1108,2)
Brasarike  (5200,1595)  (5269,1566)  (5164,1525)  (5170,1661)  (5071,1532)  (5274,1641)  (5124,1460)  (4996,1521)  (4926,1580)  (5134,1589)  (5332,1589)
Manchuria  (2498,556)  (2564,603)  (2481,488)  (2502,634)  (2542,495)  (2442,642)  (2421,565)  (2602,497)
SZ S. Osu Coast  (3221,2109)  (3257,2051)  (3164,2161)  (3223,2161)  (3316,2004)  (3317,2064)  (3102,2166)  (3046,2165)  (3279,2118)  (3309,2167)
SZ Kamchatka Coast  (3598,490)  (3629,430)  (3567,551)  (3694,431)  (3521,497)  (3604,378)  (3657,517)  (3721,373)  (3504,582)  (3659,366)  (3559,608)  (3744,316)  (3442,566)  (3683,304)  (3382,611)  (3737,240)
Scandoslavia  (551,261)  (543,318)  (565,373)  (607,221)  (659,173)  (767,216)  (806,157)  (841,211)  (882,161)
Japan  (3024,876)  (2967,896)  (2913,918)  (3065,825)  (3092,762)
Shandong  (2481,804)  (2454,745)  (2417,801)  (2429,883)  (2532,767)  (2557,817)
SZ Irish Coast  (16,443)  (67,376)  (17,507)  (9,374)  (18,566)  (13,322)  (70,321)  (121,350)
Barbarossia  (4948,1387)  (5002,1366)  (4892,1344)  (5002,1435)  (4893,1408)  (5055,1404)
SZ Sea of Japan  (2951,774)  (2929,834)  (2849,893)  (2890,761)  (2865,708)  (3008,775)  (3017,706)  (2944,712)  (3011,642)
SZ Mazdak Coast  (1048,1800)  (1034,1731)  (1013,1859)  (1091,1691)  (1091,1747)
E. Khertekia  (954,489)  (930,434)  (898,493)  (1016,489)  (988,545)  (1044,541)
SZ Nyujirando Coast  (3791,2051)  (3852,1991)  (3733,2049)  (3841,2112)  (3792,1991)  (3732,2106)  (3851,2052)  (3733,1990)  (3788,2112)  (3914,1942)  (3907,2007)  (3913,2082)  (3762,1931)  (3677,2018)  (3755,2163)  (3666,2096)  (3825,1939)  (3904,2148)
Khemet  (809,1321)  (774,1264)  (815,1393)  (840,1261)  (864,1331)  (876,1391)
SZ Bering Strait  (3956,352)  (3876,264)  (3899,388)  (3997,300)  (3840,208)  (3821,285)  (4011,353)  (3820,349)  (3831,408)  (3952,411)  (4009,413)
Mawshigu  (4545,820)  (4605,843)  (4495,696)  (4561,764)  (4455,762)  (4568,900)  (4488,829)  (4628,948)
SZ N. Australian Coast  (2470,1885)  (2532,1818)  (2473,1957)  (2447,1823)  (2534,1893)  (2403,1928)  (2593,1806)  (2384,1856)  (2367,1995)  (2592,1883)  (2352,1800)  (2339,1928)  (2649,1851)
Chagos  (1888,1833)
SZ C. Antarctic  (1916,2109)  (1983,2048)  (1916,2038)  (1845,2031)  (1845,2100)  (1765,2031)  (1766,2093)  (1982,2163)  (1997,2108)  (1866,2160)  (1791,2158)  (1677,2044)  (1694,2117)  (1632,2158)  (1615,2076)  (2058,2017)  (2067,2080)  (2067,2151)  (1609,2022)  (1561,2137)  (1540,2056)  (2124,2031)  (2142,2120)  (2200,2020)  (2223,2074)  (2225,2147)
SZ W. Mawshigu Coast  (4470,1003)  (4395,953)  (4481,925)  (4543,977)  (4333,878)  (4476,1070)  (4434,855)  (4414,1027)  (4332,943)  (4544,1043)
SZ Californian Coast  (4185,710)  (4183,653)  (4184,769)  (4239,743)  (4233,679)  (4122,744)  (4287,785)
SZ Borneo  (2755,1380)  (2693,1426)  (2640,1475)  (2681,1628)  (2748,1657)  (2827,1472)  (2679,1367)  (2639,1423)  (2829,1656)
SZ N. Osu Coast  (3132,1845)  (2986,1839)  (2918,1785)  (3195,1902)  (2839,1736)  (3217,1840)  (2844,1801)  (3282,1879)  (2768,1735)  (2741,1806)  (3274,1937)
W. Khertekia  (790,555)  (801,610)  (825,498)  (774,502)  (736,567)  (850,559)
Mazdak S.R.  (883,1698)  (910,1760)  (825,1723)  (950,1709)  (818,1657)  (957,1817)  (933,1657)
Gujarat  (1830,1263)  (1792,1207)  (1802,1318)  (1885,1248)  (1746,1260)  (1858,1316)  (1938,1274)
SZ Nordic Coast  (380,175)  (312,223)  (345,110)  (433,120)  (480,67)  (411,53)  (347,41)  (422,3)  (517,12)
SZ E. Indian Coast  (2136,1478)  (2165,1401)  (2085,1411)  (2058,1497)  (2131,1554)  (2209,1473)  (2205,1550)  (2238,1384)  (2273,1318)  (2202,1263)  (2172,1340)  (2123,1272)  (2188,1637)  (2096,1643)  (1980,1647)  (2091,1345)  (2024,1412)  (2268,1507)  (2265,1602)
SZ Yellow Sea  (2678,831)  (2666,782)  (2688,885)  (2637,728)  (2728,814)  (2743,889)
Bolivia  (5027,1673)  (5086,1733)  (4971,1652)  (5032,1726)  (5022,1618)  (5077,1643)  (5134,1763)
E. Vinland  (4935,514)  (4985,454)  (4996,522)  (4918,447)  (4867,498)  (4994,575)  (5051,538)  (5049,412)  (4988,391)  (4929,378)  (4959,319)  (5029,332)  (5086,355)  (5149,388)  (5192,489)  (5082,282)  (5017,268)  (4953,251)  (4948,184)
SZ Guam  (3159,1064)  (3126,996)  (2979,1094)  (2998,1155)  (3109,1249)  (3153,1149)  (3012,1254)  (3078,1172)  (3073,1308)  (3196,1221)  (3180,1293)
Makan  (1386,1265)  (1327,1251)  (1427,1328)  (1355,1319)  (1417,1213)  (1454,1272)
Russia  (1008,311)  (929,311)  (1014,391)  (1113,393)  (956,245)  (1025,223)  (1056,143)  (1070,331)
Arcadian Congo  (742,1760)  (699,1832)  (688,1710)  (769,1812)  (740,1680)  (827,1792)
W. Vinland  (4625,344)  (4653,408)  (4573,282)  (4652,284)  (4696,343)  (4559,359)  (4714,415)  (4772,352)  (4512,303)  (4782,422)  (4480,356)  (4444,292)  (4507,231)  (4628,221)  (4566,211)  (4435,219)  (4641,161)  (4570,151)  (4408,155)  (4489,160)  (4397,88)  (4680,89)  (4529,84)  (4603,87)  (4458,86)
SZ E. Antarctic  (4347,2053)  (4413,1974)  (4271,2047)  (4394,2132)  (4328,1973)  (4288,2130)  (4223,1972)  (4434,2055)  (4517,1968)  (4195,2123)  (4509,2098)  (4167,2040)  (4562,2033)  (4127,1961)  (4585,2129)  (4115,2119)  (4076,2035)  (4605,1960)  (4030,1952)  (4026,2114)  (4637,2047)  (4671,2128)
Spanish Congo  (494,1548)  (461,1605)  (549,1514)  (433,1544)  (546,1580)
Alaska  (4222,215)  (4268,146)  (4203,284)  (4240,362)  (4285,219)  (4273,288)  (4196,144)  (4156,220)  (4115,142)  (4262,438)  (3953,161)  (4029,101)
Baluchistan  (1495,1165)  (1496,1115)  (1551,1163)
Hoshida  (2784,1238)  (2765,1187)  (2812,1289)
SZ Midway  (3909,764)  (3909,700)  (3968,765)  (3969,705)  (4023,770)  (4028,708)  (4083,653)  (4078,582)  (4013,546)  (3953,547)  (3899,551)  (3903,487)  (3955,484)  (4011,482)
Papua  (3040,1658)  (3093,1682)  (2987,1639)  (3148,1710)  (2936,1609)
Korea  (2786,775)  (2835,824)  (2781,838)  (2728,749)  (2777,712)
SZ Songhai Coast  (24,1336)  (44,1273)  (61,1396)  (6,1217)  (5,1426)  (66,1200)  (9,1491)
Hindustan  (1889,1130)  (1853,1073)  (1926,1187)  (1825,1146)  (1941,1096)  (1981,1206)
SZ Spanish Coast  (73,960)  (106,882)  (41,1038)  (33,885)  (135,955)  (139,803)  (196,962)  (45,801)  (119,1038)  (103,736)  (65,1106)  (17,681)
SZ Sumatra Coast  (2473,1689)  (2507,1634)  (2436,1740)  (2442,1631)  (2534,1739)  (2395,1686)  (2377,1624)  (2564,1685)  (2574,1623)  (2629,1720)
SZ W. Antarctic  (1262,2098)  (1333,2034)  (1212,2024)  (1178,2099)  (1326,2159)  (1336,2099)  (1223,2160)  (1137,2033)  (1275,2029)  (1406,2025)  (1152,2161)  (1110,2104)  (1406,2099)  (1430,2162)
Bengal  (2055,1198)  (2087,1142)  (2038,1251)  (2058,1087)  (2025,1141)  (2020,1302)  (2139,1165)
Persia  (1384,1012)  (1420,957)  (1374,1073)  (1320,990)  (1432,1093)  (1453,1025)
SZ Gulf of Mawshigu  (4748,884)  (4798,848)  (4692,855)  (4689,913)  (4711,963)  (4808,912)
SZ Red Sea  (954,1389)  (976,1442)  (1008,1498)
Carolines  (3066,1445)  (3006,1450)  (3131,1456)
Burma  (2208,1097)  (2267,1153)  (2146,1060)  (2263,1090)  (2217,1177)  (2276,1214)
Wake  (3469,1147)
SZ W. African Coast  (210,1657)  (259,1596)  (160,1588)  (257,1718)  (121,1665)  (176,1731)  (309,1651)  (129,1519)  (329,1715)  (89,1594)  (98,1742)  (43,1672)  (331,1574)  (383,1654)  (298,1788)  (218,1536)
Spanish Angola  (558,1788)  (519,1732)  (615,1833)  (494,1815)  (557,1839)  (621,1766)
Baltoslavia  (798,341)  (740,367)  (748,311)  (808,285)  (850,347)  (832,403)
Osu  (3138,2027)  (3089,1961)  (3101,2090)  (3058,2028)  (3012,1954)  (2991,2021)  (2938,1945)  (3055,1898)  (2885,1878)  (2828,1895)  (2881,1944)  (2925,2005)  (2761,1902)  (2826,1949)  (3143,1974)  (3041,2091)  (3193,2025)
Midwest  (4591,591)  (4647,548)  (4558,532)  (4567,645)  (4651,611)  (4647,674)  (4523,588)  (4492,516)  (4704,588)  (4545,477)  (4456,458)  (4708,657)
SZ E. Pacific  (4212,1165)  (4268,1094)  (4150,1166)  (4263,1229)  (4213,1099)  (4154,1232)  (4274,1159)  (4137,1092)  (4207,1242)  (4238,1031)  (4078,1134)  (4182,1300)  (4333,1135)  (4173,1035)  (4082,1199)  (4246,1298)  (4336,1206)  (4327,1043)  (4218,953)  (4074,1280)  (4324,1294)
Niverhotsk  (2845,477)  (2947,461)  (2763,434)  (2757,514)  (2911,526)  (2880,413)  (2687,441)  (2979,528)  (2941,600)
Denmark  (445,419)  (483,360)  (421,367)  (507,414)
SZ Wake  (3467,1022)  (3397,960)  (3479,870)  (3367,870)  (3287,917)  (3349,1045)  (3325,1192)  (3462,1259)  (3604,863)  (3531,950)  (3577,1250)  (3580,1137)  (3364,1274)  (3300,1115)  (3564,1037)
Zimbabwe  (824,1892)  (898,1850)  (879,1955)  (768,1890)  (842,1840)  (877,1900)
SZ Arab Coast  (1411,1538)  (1473,1482)  (1345,1563)  (1513,1415)  (1273,1593)  (1550,1343)  (1205,1610)  (1407,1457)  (1344,1493)  (1273,1522)  (1349,1633)  (1427,1603)  (1490,1549)  (1555,1494)  (1549,1255)  (1554,1567)  (1194,1554)  (1274,1652)  (1432,1658)  (1492,1622)  (1555,1646)
Greenland  (5197,181)  (5220,122)  (5160,118)  (5127,55)  (5199,60)  (5260,48)  (5155,4)  (5207,7)  (5317,6)